阿芬眼蝶 35 35 0.8030
边纹黛眼蝶 1 1 1.0000
波太玄灰蝶 9 9 0.8889
碧凤蝶 43 43 0.9032
白眼蝶 9 9 0.9000
白钩蛱蝶 1 1 0.0000
巴黎翠凤蝶 23 23 0.9858
蟾福蛱蝶 4 4 1.0000
翠蓝眼蛱蝶 4 3 0.6667
翠袖锯眼蝶 28 27 0.8709
菜粉蝶 4 3 0.4444
灿福蛱蝶 6 6 0.5000
橙黄豆粉蝶 2 1 1.0000
大卫粉蝶 6 5 1.0000
大翅绢粉蝶 5 5 1.0000
大紫琉璃灰蝶 25 25 0.9429
婀灰蝶 10 9 0.2519
斐豹蛱蝶 1 1 1.0000
钩翅眼蛱蝶 2 1 0.0000
柑橘凤蝶 23 22 0.8568
镉黄迁粉蝶 2 2 1.0000
古北拟酒眼蝶 3 3 1.0000
黑网蛱蝶 1 1 1.0000
黄钩蛱蝶 20 19 0.8947
虎斑蝶 1 1 0.0000
红襟粉蝶 1 1 1.0000
花弄蝶 18 18 1.0000
红灰蝶 7 6 1.0000
黄环蛱蝶 13 13 0.9231
红基美凤蝶 21 21 0.5782
绢粉蝶 2 1 1.0000
锦瑟蛱蝶 1 1 0.0000
箭纹绢粉蝶 5 5 0.9667
绢蛱蝶 3 2 0.4500
尖翅翠蛱蝶 7 6 0.6667
绢斑蝶 1 1 1.0000
金裳凤蝶 3 2 0.0000
箭纹云粉蝶 3 3 1.0000
咖灰蝶 3 2 1.0000
宽边黄粉蝶 22 22 0.9504
链环蛱蝶 2 2 0.5000
亮灰蝶 9 9 0.6503
蓝点紫斑蝶 10 10 0.9000
蓝灰蝶 5 4 0.7500
绿豹蛱蝶 5 4 1.0000
黎明豆粉蝶 2 1 0.0000
柳紫闪蛱蝶 5 5 1.0000
琉璃蛱蝶 3 3 0.5556
蓝凤蝶 10 10 1.0000
老豹蛱蝶 5 5 1.0000
美眼蛱蝶 2 1 1.0000
牧女珍眼蝶 8 8 1.0000
密纹飒弄蝶 2 1 0.5000
拟稻眉眼蝶 2 2 1.0000
菩萨酒眼蝶 1 1 1.0000
朴喙蝶 3 2 1.0000
青海红珠灰蝶 6 6 1.0000
虬眉带蛱蝶 2 2 1.0000
曲斑珠蛱蝶 2 2 0.0000
青凤蝶 8 7 0.3905
荨麻蛱蝶 5 5 0.9667
曲纹紫灰蝶 3 3 1.0000
素弄蝶 26 26 1.0000
山豆粉蝶 1 1 1.0000
四川绢蝶 1 1 1.0000
蛇目褐蚬蝶 13 13 1.0000
突角小粉蝶 5 4 1.0000
维纳斯眼灰蝶 1 1 0.0000
无斑珂弄蝶 4 3 0.3333
网蛱蝶 7 7 0.7143
线灰蝶 11 11 1.0000
秀蛱蝶 4 4 0.7500
玄珠带蛱蝶 2 1 1.0000
西门珍眼蝶 2 2 1.0000
玄灰蝶 2 1 1.0000
小黄斑弄蝶 2 1 1.0000
小红蛱蝶 3 3 0.0000
隐纹谷弄蝶 4 4 0.2500
艳灰蝶 2 2 1.0000
云粉蝶 3 2 0.0000
伊诺小豹蛱蝶 8 8 0.6042
银斑豹蛱蝶 61 60 0.7183
云豹蛱蝶 3 2 0.3333
扬眉线蛱蝶 35 35 0.9282
玉带凤蝶 1 1 0.0000
银豹蛱蝶 2 2 1.0000
雅弄蝶 20 19 1.0000
依帕绢蝶 2 1 1.0000
侏粉蝶 1 1 1.0000
柱菲蛱蝶 4 4 0.7500
直纹稻弄蝶 7 6 1.0000
珍珠绢蝶 3 2 0.5000
中环蛱蝶 1 1 1.0000
珍蛱蝶 2 2 1.0000
